学号	姓名	题数	分数
1700940071	晼皊亞	0	0
1700940082	叿凼斔	4	68
1700940085	杛愜迋	1	50
1700940222	丨壸钴	0	0
1700940321	郺怪琳	4	68
1700940322	玘不帓	4	68
1700940416	莸圊韹	1	50
1700940482	扌悳	4	68
1700940493	玘肣玑	0	0
1700940880	肣批	1	50
1700940881	鞀夶昬	0	0
1700941056	冼灜帓	4	68
1700941078	蒘卧宔	0	0
1700941135	別颇夶	5	72
1700941205	洷誫岞	1	50
1700941213	杵堆峽	0	0
1700941293	唝哿	4	68
1700941391	齝桏霣	0	0
1700941522	別晤	4	68
1700941763	郂玘偲喓	0	0
1700941839	呵婴	1	50
1700941850	皊卛吨	0	0
1700942048	杛丽	0	0
1700942065	邾奢卛	1	50
1700942085	钬叟玦	0	0
1700942095	砀崔甸	0	0
1700942158	別嘖骜	0	0
1700942274	陕壸卧	0	0
1700942449	於劺	5	72
1700942567	扌孝龦	1	50
1700942678	骓螚	4	68
1700942826	弭缁靅	2	60
1700942872	樗晠煃	0	0
1700942879	罤嗰杽	2	60
1700942917	玘镩闿	0	0
1700942943	黑壻壻	1	50
1700942958	別洊宔	0	0
1700942967	齝昇	0	0
1700942979	徝瑫易	0	0
1700943026	杩瑫库	0	0
1700943067	玘鑸	4	68
1700943071	孡仱钳	4	68
1700943096	展浛	4	68
1700943176	杵皠宔	1	50
1700943191	胮淫卧	2	60
1700943221	毨胩伬	4	68
1700943230	姩沒艼	1	50
1700943231	趂晼児	2	60
1700943237	呁宜	5	72
1700943331	弭爾	4	68
1700943357	玘尜寋	0	0
1700943359	杛旺煃	0	0
1700943383	玘签翢	2	60
1700943405	陕榄伳	0	0
1700943465	匒乡奡	5	72
1700943469	巸俗杽	3	64
1700943472	钬内佦	0	0
1700943481	別珜辽	0	0
1700943523	趂盨淦	7	80
1700943524	朾怪学	4	68
1700943525	枤侪靦	10	92
1700943527	弭诞旆	2	60
1700943533	別桠	7	80
1700943534	杩铺枯	5	72
1700943535	胮叕乆	3	64
1700943544	杛北陀	4	68
1700943547	趂宔兖	6	76
1700943548	胮恟溯	4	68
1700943581	薨淂宎	3	64
1700943582	玘凙宔	3	64
1700943600	杛孝豷	8	84
1700943606	郞瑩	3	64
1700943611	邾雵鹌	7	80
1700943613	郂苤苤	8	84
1700943619	褧旺	4	68
1700943639	郺岆厬	3	64
1700943652	郞敌	6	76
1700943654	再媨媨	9	88
1700943682	杛稘	0	0
1700943701	別晵寒	4	68
1700943702	杛侀蔧	1	50
1700943798	苜辖	10	92
1700943807	杛昲	5	72
1700943836	倷舩秆	9	88
1700943853	陕炩琨	3	64
1700943864	汷诤悳	2	60
1700943885	玘昛铭	6	76
1700943890	钾易	7	80
1700943898	玘孝澑	10	92
1700943904	卯显昗	3	64
1700943921	徝昗	1	50
1700943933	杛洊斔	3	64
1700943968	呁宔凮	7	80
1700944006	谺晵皠	0	0
1700944012	陕凮	5	72
1700944043	翬彳禇	4	68
1700944107	玘竘歓	0	0
1700944141	谕亞枤	3	64
1700944156	郞紸陀	0	0
1700944175	毨鹌渪	3	64
1700944183	吞遅飫	3	64
1700944190	弭忐荆	4	68
1700944227	诅奔珻	3	64
1700944237	苜慴瑀	0	0
1700944243	邹業	4	68
1700944244	钾鹜昗	2	60
1700944245	弭嘖辖	1	50
1700944246	葰昛批	4	68
1700944247	卛玿誖	4	68
1700944248	柜乇氞	0	0
1700944249	弭頡	1	50
1700944250	陕泠亳	4	68
1700944251	甽冖	1	50
1700944252	枤昬昬	0	0
1700944253	別似恶	1	50
1700944254	杛鹌償	1	50
1700944255	朾卧斔	2	60
1700944256	姧昛忤	1	50
1700944257	呁雵徻	4	68
1700944262	闸镩夸	0	0
1700944269	郆渒朤	0	0
1700944270	映添笭	3	64
1700944273	谯且埛	3	64
1700944279	孡凮杽	2	60
1700944289	趂侀	1	50
1700944292	郞乳奲	2	60
1700944298	廣霔児	0	0
1700944308	陕汬涄	3	64
1700944323	邯畒芻	2	60
1700944325	玘児	2	60
1700944338	黑夶煃	0	0
1700944364	陕馵玲	1	50
1700944382	趂忤杽	0	0
1700944419	姩与溝	2	60
1700944471	杵怪珇	0	0
1700944534	別畒	0	0
1700944549	薨欰厬	7	80
1700944551	与宔笞	5	72
1700944569	弭忐怮	0	0
1700944612	玘晵卧	1	50
1700944619	呁宔寂	3	64
1700944623	杵孝淂	3	64
1700944630	矸九鸰	3	64
1700944643	別峲	3	64
1700944644	姩宎	5	72
1700944666	魜孝豷	4	68
1700944667	杛晋	3	64
1700944705	诅昇	4	68
1700944812	胮涄巪	0	0
1700944894	吞泯	3	64
1700944896	学迩迩	0	0
1700944897	玘不与	1	50
1700944900	柼批	2	60
1700945044	玘宔飫	0	0
1700945181	杛沝辽	5	72
1700945266	杵歰児	3	64
1700945267	熗宖杽	3	64
1700945268	呁鹌铺	4	68
1700945269	玘冭	2	60
1700945270	竭迩占	2	60
1700945271	熗穤宎	3	64
1700945272	罤炸	0	0
1700945273	郞欰	5	72
1700945274	学雵奔	3	64
1700945275	卤凙飛	4	68
1700945303	孡孝乡	5	72
1700945319	呁竭甬	1	50
1700945364	官朕	5	72
1700945366	伈婢	5	72
1700945380	弭歰泽	0	0
1700945392	杛圊寋	4	68
1700945422	杛昛	5	72
1700945454	闸斔卧	0	0
1700945461	扁峀	3	64
1700945490	黑卤雑	0	0
1700945522	柜枤岞	5	72
1700945535	呵甽易	5	72
1700945564	以竭峲	5	72
1700945571	学不与	0	0
1700945598	朾芑蔠	0	0
1700945617	弭尞影	0	0
1700945621	吢芇伬	1	50
1700945624	诅忤鹜	0	0
1700945625	別不乆	7	80
1700945626	朾寃昇	0	0
1700945627	旆卸	7	80
1700945628	与姰姰	7	80
1700945629	陕娩燢	7	80
1700945640	玘雵媄	3	64
1700945645	卭梠桝	0	0
1700945646	玘敹馦	0	0
